{
 "cells": [
  {
   "cell_type": "code",
   "execution_count": 3,
   "id": "739793df-afa2-4c74-b43a-20e1fed1a056",
   "metadata": {},
   "outputs": [],
   "source": [
    "import pandas as pd\n",
    "import numpy as np\n",
    "from pandas import read_csv"
   ]
  },
  {
   "cell_type": "code",
   "execution_count": 39,
   "id": "5897fe13-530d-4b76-aa1a-7505733d9870",
   "metadata": {},
   "outputs": [],
   "source": [
    "pokemon = read_csv('Pokemon.csv')"
   ]
  },
  {
   "cell_type": "code",
   "execution_count": 40,
   "id": "b114dbde-0d8f-4c23-8ae2-1ce15fc8e2e3",
   "metadata": {},
   "outputs": [
    {
     "data": {
      "text/html": [
       "<div>\n",
       "<style scoped>\n",
       "    .dataframe tbody tr th:only-of-type {\n",
       "        vertical-align: middle;\n",
       "    }\n",
       "\n",
       "    .dataframe tbody tr th {\n",
       "        vertical-align: top;\n",
       "    }\n",
       "\n",
       "    .dataframe thead th {\n",
       "        text-align: right;\n",
       "    }\n",
       "</style>\n",
       "<table border=\"1\" class=\"dataframe\">\n",
       "  <thead>\n",
       "    <tr style=\"text-align: right;\">\n",
       "      <th></th>\n",
       "      <th>#</th>\n",
       "      <th>Name</th>\n",
       "      <th>Type 1</th>\n",
       "      <th>Type 2</th>\n",
       "      <th>Total</th>\n",
       "      <th>HP</th>\n",
       "      <th>Attack</th>\n",
       "      <th>Defense</th>\n",
       "      <th>Sp. Atk</th>\n",
       "      <th>Sp. Def</th>\n",
       "      <th>Speed</th>\n",
       "      <th>Generation</th>\n",
       "      <th>Legendary</th>\n",
       "    </tr>\n",
       "  </thead>\n",
       "  <tbody>\n",
       "    <tr>\n",
       "      <th>0</th>\n",
       "      <td>1</td>\n",
       "      <td>Bulbasaur</td>\n",
       "      <td>Grass</td>\n",
       "      <td>Poison</td>\n",
       "      <td>318</td>\n",
       "      <td>45</td>\n",
       "      <td>49</td>\n",
       "      <td>49</td>\n",
       "      <td>65</td>\n",
       "      <td>65</td>\n",
       "      <td>45</td>\n",
       "      <td>1</td>\n",
       "      <td>False</td>\n",
       "    </tr>\n",
       "    <tr>\n",
       "      <th>1</th>\n",
       "      <td>2</td>\n",
       "      <td>Ivysaur</td>\n",
       "      <td>Grass</td>\n",
       "      <td>Poison</td>\n",
       "      <td>405</td>\n",
       "      <td>60</td>\n",
       "      <td>62</td>\n",
       "      <td>63</td>\n",
       "      <td>80</td>\n",
       "      <td>80</td>\n",
       "      <td>60</td>\n",
       "      <td>1</td>\n",
       "      <td>False</td>\n",
       "    </tr>\n",
       "    <tr>\n",
       "      <th>2</th>\n",
       "      <td>3</td>\n",
       "      <td>Venusaur</td>\n",
       "      <td>Grass</td>\n",
       "      <td>Poison</td>\n",
       "      <td>525</td>\n",
       "      <td>80</td>\n",
       "      <td>82</td>\n",
       "      <td>83</td>\n",
       "      <td>100</td>\n",
       "      <td>100</td>\n",
       "      <td>80</td>\n",
       "      <td>1</td>\n",
       "      <td>False</td>\n",
       "    </tr>\n",
       "    <tr>\n",
       "      <th>3</th>\n",
       "      <td>3</td>\n",
       "      <td>VenusaurMega Venusaur</td>\n",
       "      <td>Grass</td>\n",
       "      <td>Poison</td>\n",
       "      <td>625</td>\n",
       "      <td>80</td>\n",
       "      <td>100</td>\n",
       "      <td>123</td>\n",
       "      <td>122</td>\n",
       "      <td>120</td>\n",
       "      <td>80</td>\n",
       "      <td>1</td>\n",
       "      <td>False</td>\n",
       "    </tr>\n",
       "    <tr>\n",
       "      <th>4</th>\n",
       "      <td>4</td>\n",
       "      <td>Charmander</td>\n",
       "      <td>Fire</td>\n",
       "      <td>NaN</td>\n",
       "      <td>309</td>\n",
       "      <td>39</td>\n",
       "      <td>52</td>\n",
       "      <td>43</td>\n",
       "      <td>60</td>\n",
       "      <td>50</td>\n",
       "      <td>65</td>\n",
       "      <td>1</td>\n",
       "      <td>False</td>\n",
       "    </tr>\n",
       "  </tbody>\n",
       "</table>\n",
       "</div>"
      ],
      "text/plain": [
       "   #                   Name Type 1  Type 2  Total  HP  Attack  Defense  \\\n",
       "0  1              Bulbasaur  Grass  Poison    318  45      49       49   \n",
       "1  2                Ivysaur  Grass  Poison    405  60      62       63   \n",
       "2  3               Venusaur  Grass  Poison    525  80      82       83   \n",
       "3  3  VenusaurMega Venusaur  Grass  Poison    625  80     100      123   \n",
       "4  4             Charmander   Fire     NaN    309  39      52       43   \n",
       "\n",
       "   Sp. Atk  Sp. Def  Speed  Generation  Legendary  \n",
       "0       65       65     45           1      False  \n",
       "1       80       80     60           1      False  \n",
       "2      100      100     80           1      False  \n",
       "3      122      120     80           1      False  \n",
       "4       60       50     65           1      False  "
      ]
     },
     "execution_count": 40,
     "metadata": {},
     "output_type": "execute_result"
    }
   ],
   "source": [
    "pokemon.head()"
   ]
  },
  {
   "cell_type": "code",
   "execution_count": 4,
   "id": "73d0e026-9622-45db-87eb-62a0991ee47a",
   "metadata": {},
   "outputs": [],
   "source": [
    "#pokemon.columns"
   ]
  },
  {
   "cell_type": "code",
   "execution_count": 41,
   "id": "542899bd-543d-45ad-a110-dca697bed836",
   "metadata": {},
   "outputs": [],
   "source": [
    "dict1=dict()\n",
    "\n",
    "def count_items1():\n",
    "    for x in pokemon['Type 2']:\n",
    "        if x in dict1.keys():\n",
    "            dict1[x]+=1\n",
    "        else:\n",
    "            dict1[x]=1\n",
    "            \n",
    "count_items1()"
   ]
  },
  {
   "cell_type": "code",
   "execution_count": 45,
   "id": "e926e837-6374-4d9d-9a0e-836646da8e81",
   "metadata": {},
   "outputs": [
    {
     "data": {
      "text/plain": [
       "dict_values([34, 386, 97, 18, 35, 23, 25, 26, 33, 22, 14, 14, 20, 14, 6, 12, 14, 3, 4])"
      ]
     },
     "execution_count": 45,
     "metadata": {},
     "output_type": "execute_result"
    }
   ],
   "source": [
    "dict1.values()"
   ]
  },
  {
   "cell_type": "code",
   "execution_count": 50,
   "id": "3a6226a7-e9e6-4363-92ee-74a81af98dd2",
   "metadata": {},
   "outputs": [
    {
     "data": {
      "text/plain": [
       "414"
      ]
     },
     "execution_count": 50,
     "metadata": {},
     "output_type": "execute_result"
    }
   ],
   "source": [
    "sum([34, 97, 18, 35, 23, 25, 26, 33, 22, 14, 14, 20, 14, 6, 12, 14, 3, 4])"
   ]
  },
  {
   "cell_type": "code",
   "execution_count": 49,
   "id": "de1dbe99-c015-43ed-bb39-e5c6cc5dbdf7",
   "metadata": {},
   "outputs": [
    {
     "data": {
      "text/plain": [
       "{'Poison': 34,\n",
       " nan: 386,\n",
       " 'Flying': 97,\n",
       " 'Dragon': 18,\n",
       " 'Ground': 35,\n",
       " 'Fairy': 23,\n",
       " 'Grass': 25,\n",
       " 'Fighting': 26,\n",
       " 'Psychic': 33,\n",
       " 'Steel': 22,\n",
       " 'Ice': 14,\n",
       " 'Rock': 14,\n",
       " 'Dark': 20,\n",
       " 'Water': 14,\n",
       " 'Electric': 6,\n",
       " 'Fire': 12,\n",
       " 'Ghost': 14,\n",
       " 'Bug': 3,\n",
       " 'Normal': 4}"
      ]
     },
     "execution_count": 49,
     "metadata": {},
     "output_type": "execute_result"
    }
   ],
   "source": [
    "dict1"
   ]
  },
  {
   "cell_type": "code",
   "execution_count": 13,
   "id": "9e3a4bd0-07c0-4972-bd0e-1d7b5ce36f92",
   "metadata": {},
   "outputs": [
    {
     "data": {
      "text/html": [
       "<div>\n",
       "<style scoped>\n",
       "    .dataframe tbody tr th:only-of-type {\n",
       "        vertical-align: middle;\n",
       "    }\n",
       "\n",
       "    .dataframe tbody tr th {\n",
       "        vertical-align: top;\n",
       "    }\n",
       "\n",
       "    .dataframe thead th {\n",
       "        text-align: right;\n",
       "    }\n",
       "</style>\n",
       "<table border=\"1\" class=\"dataframe\">\n",
       "  <thead>\n",
       "    <tr style=\"text-align: right;\">\n",
       "      <th></th>\n",
       "      <th>#</th>\n",
       "      <th>Total</th>\n",
       "      <th>HP</th>\n",
       "      <th>Attack</th>\n",
       "      <th>Defense</th>\n",
       "      <th>Sp. Atk</th>\n",
       "      <th>Sp. Def</th>\n",
       "      <th>Speed</th>\n",
       "      <th>Generation</th>\n",
       "      <th>Legendary</th>\n",
       "    </tr>\n",
       "  </thead>\n",
       "  <tbody>\n",
       "    <tr>\n",
       "      <th>#</th>\n",
       "      <td>1.000000</td>\n",
       "      <td>0.119813</td>\n",
       "      <td>0.097614</td>\n",
       "      <td>0.102298</td>\n",
       "      <td>0.094786</td>\n",
       "      <td>0.088759</td>\n",
       "      <td>0.085817</td>\n",
       "      <td>0.010733</td>\n",
       "      <td>0.982516</td>\n",
       "      <td>0.153396</td>\n",
       "    </tr>\n",
       "    <tr>\n",
       "      <th>Total</th>\n",
       "      <td>0.119813</td>\n",
       "      <td>1.000000</td>\n",
       "      <td>0.618748</td>\n",
       "      <td>0.736211</td>\n",
       "      <td>0.612787</td>\n",
       "      <td>0.747250</td>\n",
       "      <td>0.717609</td>\n",
       "      <td>0.575943</td>\n",
       "      <td>0.048384</td>\n",
       "      <td>0.501758</td>\n",
       "    </tr>\n",
       "    <tr>\n",
       "      <th>HP</th>\n",
       "      <td>0.097614</td>\n",
       "      <td>0.618748</td>\n",
       "      <td>1.000000</td>\n",
       "      <td>0.422386</td>\n",
       "      <td>0.239622</td>\n",
       "      <td>0.362380</td>\n",
       "      <td>0.378718</td>\n",
       "      <td>0.175952</td>\n",
       "      <td>0.058683</td>\n",
       "      <td>0.273620</td>\n",
       "    </tr>\n",
       "    <tr>\n",
       "      <th>Attack</th>\n",
       "      <td>0.102298</td>\n",
       "      <td>0.736211</td>\n",
       "      <td>0.422386</td>\n",
       "      <td>1.000000</td>\n",
       "      <td>0.438687</td>\n",
       "      <td>0.396362</td>\n",
       "      <td>0.263990</td>\n",
       "      <td>0.381240</td>\n",
       "      <td>0.051451</td>\n",
       "      <td>0.345408</td>\n",
       "    </tr>\n",
       "    <tr>\n",
       "      <th>Defense</th>\n",
       "      <td>0.094786</td>\n",
       "      <td>0.612787</td>\n",
       "      <td>0.239622</td>\n",
       "      <td>0.438687</td>\n",
       "      <td>1.000000</td>\n",
       "      <td>0.223549</td>\n",
       "      <td>0.510747</td>\n",
       "      <td>0.015227</td>\n",
       "      <td>0.042419</td>\n",
       "      <td>0.246377</td>\n",
       "    </tr>\n",
       "    <tr>\n",
       "      <th>Sp. Atk</th>\n",
       "      <td>0.088759</td>\n",
       "      <td>0.747250</td>\n",
       "      <td>0.362380</td>\n",
       "      <td>0.396362</td>\n",
       "      <td>0.223549</td>\n",
       "      <td>1.000000</td>\n",
       "      <td>0.506121</td>\n",
       "      <td>0.473018</td>\n",
       "      <td>0.036437</td>\n",
       "      <td>0.448907</td>\n",
       "    </tr>\n",
       "    <tr>\n",
       "      <th>Sp. Def</th>\n",
       "      <td>0.085817</td>\n",
       "      <td>0.717609</td>\n",
       "      <td>0.378718</td>\n",
       "      <td>0.263990</td>\n",
       "      <td>0.510747</td>\n",
       "      <td>0.506121</td>\n",
       "      <td>1.000000</td>\n",
       "      <td>0.259133</td>\n",
       "      <td>0.028486</td>\n",
       "      <td>0.363937</td>\n",
       "    </tr>\n",
       "    <tr>\n",
       "      <th>Speed</th>\n",
       "      <td>0.010733</td>\n",
       "      <td>0.575943</td>\n",
       "      <td>0.175952</td>\n",
       "      <td>0.381240</td>\n",
       "      <td>0.015227</td>\n",
       "      <td>0.473018</td>\n",
       "      <td>0.259133</td>\n",
       "      <td>1.000000</td>\n",
       "      <td>-0.023121</td>\n",
       "      <td>0.326715</td>\n",
       "    </tr>\n",
       "    <tr>\n",
       "      <th>Generation</th>\n",
       "      <td>0.982516</td>\n",
       "      <td>0.048384</td>\n",
       "      <td>0.058683</td>\n",
       "      <td>0.051451</td>\n",
       "      <td>0.042419</td>\n",
       "      <td>0.036437</td>\n",
       "      <td>0.028486</td>\n",
       "      <td>-0.023121</td>\n",
       "      <td>1.000000</td>\n",
       "      <td>0.079794</td>\n",
       "    </tr>\n",
       "    <tr>\n",
       "      <th>Legendary</th>\n",
       "      <td>0.153396</td>\n",
       "      <td>0.501758</td>\n",
       "      <td>0.273620</td>\n",
       "      <td>0.345408</td>\n",
       "      <td>0.246377</td>\n",
       "      <td>0.448907</td>\n",
       "      <td>0.363937</td>\n",
       "      <td>0.326715</td>\n",
       "      <td>0.079794</td>\n",
       "      <td>1.000000</td>\n",
       "    </tr>\n",
       "  </tbody>\n",
       "</table>\n",
       "</div>"
      ],
      "text/plain": [
       "                   #     Total        HP    Attack   Defense   Sp. Atk  \\\n",
       "#           1.000000  0.119813  0.097614  0.102298  0.094786  0.088759   \n",
       "Total       0.119813  1.000000  0.618748  0.736211  0.612787  0.747250   \n",
       "HP          0.097614  0.618748  1.000000  0.422386  0.239622  0.362380   \n",
       "Attack      0.102298  0.736211  0.422386  1.000000  0.438687  0.396362   \n",
       "Defense     0.094786  0.612787  0.239622  0.438687  1.000000  0.223549   \n",
       "Sp. Atk     0.088759  0.747250  0.362380  0.396362  0.223549  1.000000   \n",
       "Sp. Def     0.085817  0.717609  0.378718  0.263990  0.510747  0.506121   \n",
       "Speed       0.010733  0.575943  0.175952  0.381240  0.015227  0.473018   \n",
       "Generation  0.982516  0.048384  0.058683  0.051451  0.042419  0.036437   \n",
       "Legendary   0.153396  0.501758  0.273620  0.345408  0.246377  0.448907   \n",
       "\n",
       "             Sp. Def     Speed  Generation  Legendary  \n",
       "#           0.085817  0.010733    0.982516   0.153396  \n",
       "Total       0.717609  0.575943    0.048384   0.501758  \n",
       "HP          0.378718  0.175952    0.058683   0.273620  \n",
       "Attack      0.263990  0.381240    0.051451   0.345408  \n",
       "Defense     0.510747  0.015227    0.042419   0.246377  \n",
       "Sp. Atk     0.506121  0.473018    0.036437   0.448907  \n",
       "Sp. Def     1.000000  0.259133    0.028486   0.363937  \n",
       "Speed       0.259133  1.000000   -0.023121   0.326715  \n",
       "Generation  0.028486 -0.023121    1.000000   0.079794  \n",
       "Legendary   0.363937  0.326715    0.079794   1.000000  "
      ]
     },
     "execution_count": 13,
     "metadata": {},
     "output_type": "execute_result"
    }
   ],
   "source": [
    "pokemon.corr()"
   ]
  },
  {
   "cell_type": "code",
   "execution_count": 6,
   "id": "3810b587-8012-4baf-acb4-fdc84f197557",
   "metadata": {},
   "outputs": [],
   "source": [
    "from sklearn.model_selection import train_test_split"
   ]
  },
  {
   "cell_type": "code",
   "execution_count": 18,
   "id": "4dc897f3-1234-4884-8793-d275bcf050a1",
   "metadata": {},
   "outputs": [],
   "source": [
    "X=pokemon\n",
    "y=pokemon.iloc[:, -1]"
   ]
  },
  {
   "cell_type": "code",
   "execution_count": 25,
   "id": "ca4cc5d2-fffb-4033-a9b6-439dbabb1f60",
   "metadata": {},
   "outputs": [
    {
     "ename": "NameError",
     "evalue": "name 'count_items' is not defined",
     "output_type": "error",
     "traceback": [
      "\u001b[1;31m---------------------------------------------------------------------------\u001b[0m",
      "\u001b[1;31mNameError\u001b[0m                                 Traceback (most recent call last)",
      "\u001b[1;32mC:\\Users\\KIRAN~1.MOT\\AppData\\Local\\Temp/ipykernel_13400/255074562.py\u001b[0m in \u001b[0;36m<module>\u001b[1;34m\u001b[0m\n\u001b[1;32m----> 1\u001b[1;33m \u001b[0mcount_items\u001b[0m\u001b[1;33m(\u001b[0m\u001b[0mpokemon\u001b[0m\u001b[1;33m[\u001b[0m\u001b[1;34m'Type 2'\u001b[0m\u001b[1;33m]\u001b[0m\u001b[1;33m)\u001b[0m\u001b[1;33m\u001b[0m\u001b[1;33m\u001b[0m\u001b[0m\n\u001b[0m",
      "\u001b[1;31mNameError\u001b[0m: name 'count_items' is not defined"
     ]
    }
   ],
   "source": [
    "count_items(pokemon['Type 2'])"
   ]
  },
  {
   "cell_type": "code",
   "execution_count": null,
   "id": "c030bb89-934a-4e04-b468-31a156ab8032",
   "metadata": {},
   "outputs": [],
   "source": []
  }
 ],
 "metadata": {
  "kernelspec": {
   "display_name": "Python 3 (ipykernel)",
   "language": "python",
   "name": "python3"
  },
  "language_info": {
   "codemirror_mode": {
    "name": "ipython",
    "version": 3
   },
   "file_extension": ".py",
   "mimetype": "text/x-python",
   "name": "python",
   "nbconvert_exporter": "python",
   "pygments_lexer": "ipython3",
   "version": "3.9.7"
  }
 },
 "nbformat": 4,
 "nbformat_minor": 5
}
